[gd_scene load_steps=22 format=3 uid="uid://m1dtk2r18hh5"]

[ext_resource type="Script" path="res://scenes/levels/level_1.gd" id="1_q2y4d"]
[ext_resource type="PackedScene" uid="uid://c2pb27wmn2m22" path="res://scenes/ball.tscn" id="2_v6k70"]
[ext_resource type="PackedScene" uid="uid://b1lsbye1cylvb" path="res://scenes/camera.tscn" id="3_y8c8u"]
[ext_resource type="PackedScene" uid="uid://bx77oeigsvi4" path="res://scenes/GameUI.tscn" id="4_trbxa"]
[ext_resource type="PackedScene" uid="uid://caalys3216wq6" path="res://scenes/DraggableManager.tscn" id="5_jtbxb"]
[ext_resource type="PackedScene" uid="uid://bq60wa3nyhx68" path="res://assets/cyberpunk 1.glb" id="6_xoi43"]
[ext_resource type="PackedScene" uid="uid://bl67fweycyu3i" path="res://assets/cyberpunk 2.glb" id="8_pnrmr"]
[ext_resource type="PackedScene" uid="uid://6ikb38q1iyg4" path="res://assets/cyberpunk 6.glb" id="10_0188y"]
[ext_resource type="PackedScene" uid="uid://c1iu0xl3okh25" path="res://assets/cyberpunk 7.glb" id="11_cmwv2"]
[ext_resource type="PackedScene" uid="uid://caljl7x8fjvur" path="res://assets/rick V1.glb" id="11_onwla"]
[ext_resource type="PackedScene" uid="uid://c34hs3c3xylx" path="res://assets/cyberpunk 3.glb" id="12_0ltbh"]
[ext_resource type="Texture2D" uid="uid://l25gf4xf3v73" path="res://assets/pics/z6.jpg" id="12_8242i"]
[ext_resource type="AudioStream" uid="uid://cxpfbg2stipr3" path="res://assets/sfx/music.mp3" id="13_ujjii"]
[ext_resource type="PackedScene" uid="uid://davwoi23glv5y" path="res://scenes/menu/pause_menu.tscn" id="14_whg2c"]

[sub_resource type="CylinderMesh" id="CylinderMesh_rgdc6"]

[sub_resource type="StandardMaterial3D" id="StandardMaterial3D_qs7h1"]
albedo_color = Color(0, 1, 0, 1)

[sub_resource type="CylinderShape3D" id="CylinderShape3D_x645l"]

[sub_resource type="BoxMesh" id="BoxMesh_yp5wa"]
size = Vector3(5, 6, 1)

[sub_resource type="ConvexPolygonShape3D" id="ConvexPolygonShape3D_ce70u"]
points = PackedVector3Array(-2.5, -3, -0.5, -2.5, -3, 0.5, -2.5, 3, -0.5, 2.5, -3, -0.5, 2.5, -3, 0.5, -2.5, 3, 0.5, 2.5, 3, -0.5, 2.5, 3, 0.5)

[sub_resource type="ORMMaterial3D" id="ORMMaterial3D_3igfq"]
albedo_texture = ExtResource("12_8242i")

[sub_resource type="QuadMesh" id="QuadMesh_exaes"]
material = SubResource("ORMMaterial3D_3igfq")

[node name="LevelM2" type="Node3D"]
script = ExtResource("1_q2y4d")
start_timer_duration = 4.0

[node name="DirectionalLight3D" type="DirectionalLight3D" parent="."]
transform = Transform3D(0.999993, -0.00275678, 0.0026575, 0.000358531, 0.758386, 0.651806, -0.0038123, -0.6518, 0.758381, 0, 26.6836, 11.8052)

[node name="Roofs" type="Node3D" parent="."]

[node name="ball" parent="." instance=ExtResource("2_v6k70")]
transform = Transform3D(1, 0, 0, 0, 1, 0, 0, 0, 1, -3.56892, 49.5004, 5.09129)

[node name="Player" type="Node3D" parent="."]
transform = Transform3D(1, 0, 0, 0, 1, 0, 0, 0, 1, 0.102158, 22.9113, -15.6854)

[node name="camera" parent="Player" instance=ExtResource("3_y8c8u")]
transform = Transform3D(1, 0, 0, 0, 1, 0, 0, 0, 1, -1.14788, 9.29967, 15.8241)

[node name="GameUi" parent="Player" node_paths=PackedStringArray("camera", "draggable_manager") instance=ExtResource("4_trbxa")]
camera = NodePath("../camera")
draggable_manager = NodePath("../DraggableManager")
metadata/_edit_use_anchors_ = true

[node name="DraggableManager" parent="Player" instance=ExtResource("5_jtbxb")]

[node name="Countdown" type="Timer" parent="."]
one_shot = true

[node name="TimerPlayer" type="Timer" parent="."]

[node name="FinishZone" type="Area3D" parent="."]
transform = Transform3D(0.843654, 0, 0.536887, 0, 1, 0, -0.536887, 0, 0.843654, 11.3361, 46.7242, -35.4707)
collision_mask = 2

[node name="MeshInstance3D" type="MeshInstance3D" parent="FinishZone"]
mesh = SubResource("CylinderMesh_rgdc6")
surface_material_override/0 = SubResource("StandardMaterial3D_qs7h1")

[node name="CollisionShape3D" type="CollisionShape3D" parent="FinishZone"]
shape = SubResource("CylinderShape3D_x645l")

[node name="cyberpunk 1" parent="." instance=ExtResource("6_xoi43")]
transform = Transform3D(1, 0, 0, 0, 1, 0, 0, 0, 1, 8.26088, 32.264, -10.9118)

[node name="cyberpunk 5" parent="." instance=ExtResource("6_xoi43")]
transform = Transform3D(-0.858432, 0, -0.512927, 0, 1, 0, 0.512927, 0, -0.858432, -0.853451, 41.2343, 1.02756)

[node name="cyberpunk 11" parent="." instance=ExtResource("6_xoi43")]
transform = Transform3D(-0.593292, 0, 0.804987, 0, 1, 0, -0.804987, 0, -0.593292, -9.0289, 32.264, -10.9118)

[node name="cyberpunk 2" parent="." instance=ExtResource("8_pnrmr")]
transform = Transform3D(1, 0, 0, 0, 1, 0, 0, 0, 1, -12.4176, 26.1997, -31.1376)

[node name="cyberpunk 9" parent="." instance=ExtResource("10_0188y")]
transform = Transform3D(1, 0, 0, 0, 1, 0, 0, 0, 1, 10.7793, 40.3085, -31.5914)

[node name="cyberpunk 7" parent="." instance=ExtResource("11_cmwv2")]
transform = Transform3D(-0.996639, 0, 0.081921, 0, 1, 0, -0.081921, 0, -0.996639, 16.9243, 42.6458, 3.04578)

[node name="cyberpunk 4" parent="." instance=ExtResource("12_0ltbh")]
transform = Transform3D(1, 0, 0, 0, 1, 0, 0, 0, 1, -0.451814, 40.506, -26.6466)

[node name="cyberpunk 3" parent="." instance=ExtResource("12_0ltbh")]
transform = Transform3D(1, 0, 0, 0, 1, 0, 0, 0, 1, 22.6064, 43.7318, -9.50674)

[node name="cyberpunk 10" parent="." instance=ExtResource("12_0ltbh")]
transform = Transform3D(1, 0, 0, 0, 1, 0, 0, 0, 1, -6.60619, 43.7318, -9.50674)

[node name="StaticBody3D" type="StaticBody3D" parent="."]
transform = Transform3D(1, 0, 0, 0, 0.932014, -0.362422, 0, 0.362422, 0.932014, -4.24491, 49.5098, 6.67416)

[node name="MeshInstance3D" type="MeshInstance3D" parent="StaticBody3D"]
transform = Transform3D(0.817135, -0.208917, -0.537256, 0.208917, 0.975981, -0.0617686, 0.537256, -0.0617686, 0.841154, 0, 0, 0)
mesh = SubResource("BoxMesh_yp5wa")

[node name="CollisionShape3D" type="CollisionShape3D" parent="StaticBody3D"]
transform = Transform3D(0.817135, -0.208917, -0.537256, 0.208917, 0.975981, -0.0617686, 0.537256, -0.0617686, 0.841154, 0, 0, 0)
shape = SubResource("ConvexPolygonShape3D_ce70u")

[node name="rick V1" parent="." instance=ExtResource("11_onwla")]
transform = Transform3D(0.827669, -0.0212603, -0.560813, -0.0273704, 0.996564, -0.0781739, 0.560548, 0.0800518, 0.824243, -3.42041, 50, 6.71623)

[node name="MeshInstance3D" type="MeshInstance3D" parent="."]
transform = Transform3D(-0.965468, 0, -0.260521, 0, 1, 0, 0.260521, 0, -0.965468, -12, 29.2698, -28.3941)
mesh = SubResource("QuadMesh_exaes")

[node name="AudioStreamPlayer" type="AudioStreamPlayer" parent="."]
stream = ExtResource("13_ujjii")
autoplay = true

[node name="PauseMenu" parent="." instance=ExtResource("14_whg2c")]
visible = false

[connection signal="selectable_model_selected" from="Player/GameUi" to="Player/DraggableManager" method="_on_game_ui_selectable_model_selected"]
